0 -14
1 -15
2 -13
3 -10
4 -7
5 -5
6 -6
7 -9
8 -13
9 -16
10 -17
11 -17
12 -16
13 -13
14 -8
15 -4
16 -3
17 -5
18 -8
19 -10
20 -11
21 -11
22 -12
23 -14
24 -17
25 -19
26 -19
27 -17
28 -14
29 -10
30 -6
31 -1
32 2
33 2
34 -1
35 -6
36 -12
37 -17
38 -20
39 -22
40 -23
41 -22
42 -20
43 -17
44 -14
45 -12
46 -11
47 -9
48 -6
49 -2
50 3
51 5
52 4
53 0
54 -7
55 -15
56 -20
57 -22
58 -23
59 -23
60 -22
61 -22
62 -21
63 -19
64 -16
65 -12
66 -9
67 -7
68 -5
69 -2
70 2
71 6
72 7
73 5
74 1
75 -4
76 -10
77 -16
78 -21
79 -25
80 -27
81 -26
82 -25
83 -25
84 -26
85 -27
86 -25
87 -20
88 -13
89 -5
90 1
91 6
92 10
93 13
94 13
95 10
96 4
97 -1
98 -5
99 -8
100 -12
101 -17
102 -21
103 -24
104 -26
105 -27
106 -29
107 -32
108 -35
109 -35
110 -32
111 -26
112 -17
113 -9
114 -2
115 2
116 3
117 3
118 4
119 6
120 9
121 11
122 12
123 10
124 6
125 1
126 -5
127 -12
128 -19
129 -25
130 -30
131 -34
132 -37
133 -39
134 -38
135 -34
136 -29
137 -23
138 -18
139 -14
140 -11
141 -9
142 -8
143 -6
144 -3
145 1
146 6
147 12
148 15
149 15
150 12
151 6
152 -3
153 -11
154 -18
155 -22
156 -24
157 -25
158 -26
159 -28
160 -29
161 -29
162 -28
163 -26
164 -23
165 -19
166 -14
167 -8
168 -1
169 5
170 10
171 14
172 15
173 13
174 8
175 2
176 -3
177 -7
178 -10
179 -12
180 -14
181 -17
182 -21
183 -24
184 -26
185 -27
186 -29
187 -32
188 -34
189 -33
190 -29
191 -22
192 -14
193 -5
194 3
195 10
196 16
197 21
198 23
199 22
200 18
201 13
202 7
203 0
204 -8
205 -17
206 -27
207 -34
208 -38
209 -39
210 -39
211 -38
212 -36
213 -33
214 -29
215 -24
216 -20
217 -17
218 -15
219 -12
220 -8
221 -5
222 -3
223 -2
224 -2
225 -1
226 1
227 4
228 6
229 7
230 7
231 6
232 4
233 1
234 -5
235 -13
236 -22
237 -30
238 -37
239 -41
240 -42
241 -42
242 -41
243 -39
244 -36
245 -30
246 -21
247 -11
248 0
249 8
250 13
251 15
252 14
253 12
254 9
255 7
256 6
257 4
258 1
259 -3
260 -8
261 -12
262 -15
263 -17
264 -18
265 -20
266 -23
267 -27
268 -32
269 -36
270 -39
271 -39
272 -36
273 -32
274 -27
275 -21
276 -14
277 -6
278 3
279 11
280 18
281 22
282 23
283 21
284 16
285 10
286 3
287 -5
288 -12
289 -20
290 -27
291 -33
292 -38
293 -42
294 -45
295 -45
296 -42
297 -36
298 -29
299 -21
300 -12
301 -4
302 3
303 7
304 8
305 6
306 1
307 -3
308 -6
309 -8
310 -9
311 -9
312 -8
313 -8
314 -9
315 -11
316 -13
317 -16
318 -20
319 -23
320 -25
321 -26
322 -26
323 -25
324 -23
325 -20
326 -18
327 -17
328 -15
329 -12
330 -10
331 -9
332 -9
333 -8
334 -6
335 -3
336 1
337 6
338 10
339 13
340 13
341 10
342 4
343 -5
344 -15
345 -26
346 -36
347 -43
348 -47
349 -48
350 -46
351 -41
352 -35
353 -28
354 -20
355 -11
356 -1
357 6
358 12
359 17
360 21
361 24
362 26
363 27
364 25
365 20
366 12
367 2
368 -9
369 -21
370 -32
371 -40
372 -45
373 -47
374 -46
375 -42
376 -35
377 -29
378 -24
379 -20
380 -17
381 -15
382 -14
383 -14
384 -13
385 -11
386 -10
387 -8
388 -5
389 -1
390 2
391 4
392 5
393 5
394 4
395 2
396 -1
397 -3
398 -4
399 -6
400 -9
401 -11
402 -12
403 -14
404 -17
405 -21
406 -26
407 -32
408 -39
409 -45
410 -48
411 -48
412 -45
413 -39
414 -30
415 -18
416 -5
417 7
418 18
419 26
420 31
421 33
422 32
423 28
424 23
425 17
426 10
427 2
428 -7
429 -17
430 -24
431 -30
432 -35
433 -39
434 -42
435 -44
436 -45
437 -45
438 -44
439 -42
440 -37
441 -29
442 -18
443 -4
444 9
445 21
446 32
447 40
448 45
449 47
450 46
451 42
452 35
453 25
454 12
455 -4
456 -19
457 -32
458 -42
459 -49
460 -53
461 -54
462 -54
463 -53
464 -51
465 -48
466 -44
467 -39
468 -32
469 -24
470 -15
471 -5
472 6
473 14
474 19
475 21
476 20
477 16
478 11
479 7
480 4
481 2
482 1
483 -1
484 -4
485 -8
486 -13
487 -19
488 -24
489 -26
490 -25
491 -21
492 -18
493 -16
494 -15
495 -15
496 -16
497 -18
498 -21
499 -23
500 -24
501 -24
502 -23
503 -21
504 -18
505 -12
506 -7
507 -3
508 0
509 2
510 3
511 3
512 2
513 2
514 3
515 5
516 8
517 12
518 15
519 15
520 12
521 6
522 -3
523 -13
524 -24
525 -34
526 -43
527 -51
528 -56
529 -58
530 -57
531 -55
532 -52
533 -48
534 -43
535 -37
536 -30
537 -22
538 -11
539 1
540 12
541 22
542 31
543 39
544 44
545 46
546 45
547 41
548 34
549 24
550 11
551 -1
552 -12
553 -22
554 -31
555 -37
556 -40
557 -42
558 -43
559 -43
560 -42
561 -40
562 -39
563 -39
564 -38
565 -36
566 -33
567 -29
568 -24
569 -18
570 -11
571 -5
572 0
573 2
574 1
575 -1
576 -4
577 -6
578 -7
579 -7
580 -6
581 -4
582 -1
583 3
584 6
585 8
586 9
587 9
588 6
589 0
590 -7
591 -13
592 -18
593 -22
594 -25
595 -27
596 -28
597 -30
598 -33
599 -37
600 -42
601 -48
602 -53
603 -57
604 -58
605 -56
606 -51
607 -43
608 -32
609 -20
610 -7
611 7
612 21
613 34
614 44
615 51
616 55
617 56
618 54
619 49
620 41
621 30
622 17
623 3
624 -12
625 -26
626 -39
627 -49
628 -56
629 -60
630 -62
631 -63
632 -63
633 -62
634 -60
635 -57
636 -53
637 -48
638 -42
639 -35
640 -26
641 -14
642 -1
643 11
644 22
645 32
646 41
647 49
648 56
649 60
650 61
651 59
652 54
653 46
654 35
655 21
656 4
657 -16
658 -35
659 -51
660 -64
661 -74
662 -81
663 -85
664 -86
665 -84
666 -79
667 -73
668 -66
669 -58
670 -49
671 -39
672 -28
673 -16
674 -5
675 5
676 14
677 22
678 29
679 35
680 40
681 44
682 47
683 49
684 50
685 50
686 49
687 45
688 38
689 28
690 15
691 -1
692 -20
693 -38
694 -55
695 -71
696 -84
697 -94
698 -101
699 -105
700 -106
701 -104
702 -99
703 -91
704 -80
705 -66
706 -49
707 -31
708 -12
709 8
710 25
711 39
712 50
713 58
714 63
715 65
716 64
717 62
718 59
719 55
720 50
721 44
722 37
723 29
724 20
725 10
726 -1
727 -13
728 -26
729 -38
730 -49
731 -59
732 -68
733 -76
734 -83
735 -89
736 -94
737 -98
738 -101
739 -101
740 -98
741 -92
742 -83
743 -71
744 -56
745 -38
746 -17
747 5
748 26
749 44
750 59
751 71
752 80
753 86
754 89
755 89
756 86
757 80
758 71
759 59
760 44
761 26
762 7
763 -13
764 -32
765 -48
766 -61
767 -71
768 -78
769 -82
770 -83
771 -81
772 -78
773 -74
774 -69
775 -63
776 -56
777 -48
778 -39
779 -29
780 -20
781 -12
782 -5
783 1
784 6
785 10
786 13
787 15
788 16
789 16
790 15
791 13
792 10
793 8
794 7
795 7
796 8
797 8
798 7
799 5
800 2
801 -2
802 -7
803 -11
804 -14
805 -16
806 -19
807 -23
808 -28
809 -34
810 -39
811 -43
812 -46
813 -48
814 -49
815 -49
816 -48
817 -46
818 -43
819 -37
820 -28
821 -17
822 -5
823 8
824 20
825 31
826 41
827 50
828 58
829 65
830 69
831 70
832 68
833 63
834 55
835 44
836 30
837 13
838 -7
839 -28
840 -48
841 -67
842 -83
843 -96
844 -106
845 -113
846 -117
847 -118
848 -116
849 -111
850 -103
851 -92
852 -78
853 -61
854 -41
855 -18
856 6
857 29
858 49
859 66
860 80
861 91
862 99
863 104
864 106
865 105
866 101
867 94
868 84
869 71
870 55
871 36
872 14
873 -9
874 -33
875 -56
876 -76
877 -93
878 -107
879 -118
880 -126
881 -131
882 -133
883 -132
884 -128
885 -121
886 -111
887 -98
888 -82
889 -63
890 -41
891 -17
892 6
893 28
894 49
895 67
896 82
897 94
898 103
899 109
900 112
901 112
902 109
903 103
904 94
905 82
906 67
907 49
908 28
909 4
910 -21
911 -45
912 -66
913 -84
914 -99
915 -111
916 -120
917 -126
918 -129
919 -129
920 -126
921 -120
922 -111
923 -99
924 -84
925 -66
926 -45
927 -21
928 4
929 26
930 45
931 61
932 74
933 84
934 91
935 95
936 96
937 94
938 89
939 81
940 70
941 56
942 39
943 19
944 -4
945 -29
946 -51
947 -70
948 -86
949 -99
950 -109
951 -116
952 -120
953 -121
954 -119
955 -114
956 -106
957 -95
958 -81
959 -64
960 -44
961 -21
962 3
963 26
964 46
965 63
966 77
967 88
968 96
969 101
970 103
971 102
972 98
973 91
974 81
975 68
976 52
977 33
978 11
979 -12
980 -34
981 -55
982 -73
983 -88
984 -100
985 -109
986 -115
987 -118
988 -118
989 -115
990 -109
991 -100
992 -88
993 -73
994 -55
995 -34
996 -12
997 9
998 29
999 46
